32607
32623
32629
32631
32634
32635
32637
32638
32655
32671
32687
32719
32725
32727
32730
32731
32733
32734
32757
32762
32769
32770
32772
32773
32776
32778
32783
32784
32800
32801
32802
32804
32805
32808
32810
32815
32816
32832
32848
32864
32880
32896
32897
32898
32900
32901
32904
32906
32911
32912
32928
32930
32936
32944
32960
32976
32992
33008
33010
33016
33024
33025
33028
33056
33057
33060
33152
33153
33156
33280
33282
33288
33290
33295
33312
33314
33320
33408
33410
33411
33414
33415
33416
33418
33419
33422
33423
33426
33440
33442
33450
33455
33458
33474
33490
33506
33520
33522
33530
33666
33667
33670
33674
33679
33792
33793
33796
33824
33825
33828
33920
33921
33924
34048
34053
34055
34058
34061
34063
34069
34080
34085
34087
34090
34093
34095
34101
34117
34133
34149
34165
34176
34181
34183
34186
34189
34191
34197
34213
34215
34221
34223
34229
34245
34261
34277
34293
34434
34435
34438
34442
34447
34565
34567
34570
34573
34575
34597
34599
34605
34607
34647
34690
34693
34695
34698
34699
34701
34702
34703
34725
34727
34730
34733
34816
34818
34824
34826
34831
34848
34850
34856
34944
34946
34952
34953
34954
34955
34956
34957
34958
34959
34968
34976
34984
34986
34991
35000
35016
35032
35048
35056
35064
35066
35208
35209
35210
35212
35215
35328
35330
35333
35335
35336
35338
35339
35341
35342
35343
35354
35360
35365
35370
35371
35374
35375
35386
35402
35418
35434
35450
35456
35458
35459
35461
35462
35463
35464
35465
35466
35467
35468
35469
35470
35471
35482
35490
35495
35496
35498
35499
35501
35502
35503
35514
35530
35546
35562
35570
35576
35578
35594
35595
35598
35599
35626
35627
35630
35631
35714
35719
35720
35722
35723
35725
35726
35727
35754
35755
35758
35976
35977
35978
35980
35983
36101
36103
36106
36109
36111
36133
36135
36141
36143
36189
36229
36231
36232
36234
36235
36237
36238
36239
36261
36263
36266
36269
36362
36363
36366
36367
36394
36395
36398
36399
36482
36487
36488
36490
36491
36493
36494
36495
36522
36523
36526
36608
36610
36613
36615
36616
36618
36619
36621
36622
36623
36639
36640
36645
36647
36650
36651
36653
36654
36655
36671
36687
36703
36719
36735
36736
36738
36739
36741
36742
36743
36744
36745
36746
36747
36748
36749
36750
36751
36767
36770
36773
36776
36778
36783
36799
36815
36831
36847
36863
36864
36880
36896
36912
36928
36944
36960
36992
37008
37024
37056
37104
37137
37169
37201
37265
37361
37506
37522
37538
37570
37618
37779
37908
37940
37972
38036
38132
38149
38165
38181
38197
38213
38229
38245
38261
38277
38293
38309
38325
38341
38357
38373
38550
39048
39064
39080
39112
39160
39321
39434
39450
39466
39482
39498
39514
39530
39546
39562
39578
39594
39610
39626
39642
39658
40092
40719
40735
40751
40767
40783
40799
40815
40831
40847
40863
40879
40895
40911
40927
40943
40960
40961
40962
40964
40965
40968
40970
40975
40976
40992
40994
41000
41008
41024
41040
41041
41042
41044
41045
41048
41050
41055
41056
41072
41074
41080
41088
41090
41096
41104
41120
41121
41122
41123
41124
41125
41126
41127
41128
41129
41130
41131
41132
41133
41134
41135
41136
41137
41138
41140
41141
41144
41146
41152
41168
41170
41176
41184
41185
41186
41188
41189
41192
41194
41200
41201
41202
41204
41205
41208
41210
41216
41217
41220
41296
41297
41300
41376
41377
41378
41379
41380
41381
41382
41383
41384
41385
41386
41387
41388
41389
41390
41391
41392
41393
41396
41397
41440
41441
41444
41445
41456
41457
41460
41461
41472
41474
41480
41504
41506
41514
41519
41522
41552
41554
41560
41570
41584
41586
41594
41600
41602
41610
41615
41618
41632
41633
41634
41635
41636
41637
41638
41639
41640
41641
41642
41643
41644
41645
41646
41647
41648
41650
41656
41658
41666
41680
41682
41690
41696
41698
41704
41706
41712
41714
41720
41722
41888
41889
41890
41891
41892
41893
41894
41895
41896
41897
41898
41899
41900
41901
41902
41984
41985
41988
42064
42065
42068
42144
42145
42146
42147
42148
42149
42150
42151
42152
42153
42154
42155
42156
42157
42158
42159
42160
42161
42164
42165
42208
42209
42212
42213
42224
42225
42228
42229
42240
42245
42247
42250
42253
42255
42261
42277
42279
42285
42287
42293
42309
42320
42325
42330
42341
42357
42373
42375
42381
42383
42389
42400
42401
42402
42403
42404
42405
42406
42407
42408
42409
42410
42411
42412
42413
42414
42415
42416
42417
42420
42421
42423
42429
42431
42437
42453
42464
42465
42468
42469
42471
42477
42479
42480
42481
42484
42485
42487
42493
42495
42656
42657
42658
42659
42660
42661
42662
42663
42664
42665
42666
42667
42668
42669
42670
42757
42759
42765
42767
42789
42791
42794
42797
42885
42887
42890
42893
42912
42913
42914
42915
42916
42917
42918
42919
42920
42921
42922
42924
42925
42927
42933
42935
42941
42943
42981
42983
42989
42991
42997
42999
43005
43007
43008
43010
43016
43040
43048
43050
43055
43064
43088
43090
43096
43112
43120
43128
43130
43136
43144
43146
43151
43160
43168
43169
43170
43171
43172
43173
43174
43175
43176
43177
43178
43179
43180
43181
43182
43183
43184
43186
43192
43194
43208
43216
43224
43226
43232
43234
43240
43242
43248
43250
43256
43258
43424
43425
43426
43427
43428
43429
43430
43431
43432
43433
43434
43435
43436
43437
43438
43520
43525
43530
43531
43534
43535
43546
43554
43559
43560
43562
43563
43565
43566
43567
43578
43594
43600
43605
43610
43626
43634
43640
43642
43650
43655
43656
43658
43659
43661
43662
43663
43674
43680
43681
43682
43683
43684
43685
43686
43687
43688
43689
43690
43691
43692
43693
43694
43695
43696
43698
43704
43706
43707
43710
43711
43722
43730
43736
43738
43744
43746
43752
43754
43755
43758
43759
43760
43762
43768
43770
43771
43774
43775
43786
43787
43790
43791
43803
43818
43819
43822
43851
43914
43915
43918
43936
43937
43938
43939
43940
43941
43942
43944
43945
43946
43947
43948
43950
43951
43962
43963
43966
43967
44010
44011
44014
44015
44026
44027
44030
44031
44192
44193
44194
44195
44196
44197
44198
44199
44200
44201
44202
44203
44204
44205
44206
44293
44295
44301
44303
44325
44327
44330
44333
44421
44423
44426
44429
44448
44449
44450
44451
44452
44453
44454
44455
44456
44457
44458
44460
44461
44463
44469
44471
44477
44479
44517
44519
44525
44527
44533
44535
44541
44543
44554
44555
44558
44559
44574
44586
44587
44590
44622
44682
44683
44686
44704
44705
44706
44707
44708
44709
44710
44712
44713
44714
44715
44716
44718
44719
44730
44731
44734
44735
44778
44779
44782
44783
44794
44795
44798
44799
44800
44805
44807
44810
44811
44813
44814
44815
44831
44834
44837
44840
44842
44847
44863
44879
44880
44895
44911
44927
44930
44933
44936
44938
44943
44959
44960
44961
44962
44964
44965
44967
44968
44970
44971
44973
44974
44975
44981
44983
44986
44987
44989
44990
44991
45007
45023
45029
45031
45034
45035
45037
45038
45039
45045
45047
45050
45051
45053
45054
45056
45072
45088
45120
45136
45137
45140
45168
45184
45216
45217
45218
45220
45221
45224
45226
45232
45233
45234
45236
45237
45240
45242
45243
45246
45264
45280
45281
45282
45284
45285
45288
45290
45296
45297
45298
45300
45301
45304
45306
45329
45392
45393
45397
45425
45472
45473
45476
45477
45488
45489
45492
45493
45498
45521
45536
45537
45540
45541
45552
45553
45556
45602
45682
45698
45728
45730
45736
45738
45744
45746
45752
45754
45778
45792
45794
45800
45802
45808
45810
45816
46100
46160
46164
46165
46196
46240
46241
46244
46245
46256
46257
46260
46261
46266
46292
46304
46305
46308
46309
46320
46321
46324
46341
46357
46373
46389
46405
46417
46420
46421
46437
46469
46485
46496
46497
46500
46501
46503
46509
46511
46512
46513
46516
46517
46519
46525
46527
46533
46560
46561
46564
46565
46567
46573
46575
46576
46581
46583
46589
46591
47013
47015
47021
47023
47029
47031
47037
47039
47077
47079
47085
47087
47093
47095
47101
47144
47224
47240
47264
47266
47272
47274
47280
47282
47288
47290
47320
47328
47330
47336
47338
47344
47346
47352
47626
47642
47658
47674
47690
47706
47722
47754
47770
47776
47778
47784
47786
47787
47790
47791
47792
47793
47794
47796
47800
47802
47803
47806
47807
47818
47840
47842
47848
47850
47851
47854
47855
47856
47866
47867
47870
47871
47883
48042
48043
48046
48047
48048
48058
48059
48062
48063
48106
48107
48110
48111
48122
48123
48126
48549
48551
48557
48559
48565
48567
48573
48575
48613
48615
48621
48623
48629
48631
48637
48654
48810
48811
48814
48815
48816
48826
48827
48830
48831
48874
48875
48878
48879
48890
48891
48894
48911
48927
48943
48959
48975
48991
49007
49039
49055
49061
49063
49066
49067
49069
49070
49071
49077
49079
49082
49083
49085
49086
49103
49125
49127
49130
49131
49133
49134
49141
49146
49152
49168
49184
49200
49216
49232
49248
49280
49296
49312
49344
49392
49473
49489
49505
49601
49649
49794
49810
49826
49858
49906
50115
50244
50260
50276
50372
50420
50437
50453
50469
50485
50501
50517
50533
50549
50565
50581
50597
50613
50629
50645
50661
50886
51336
51352
51368
51400
51448
51657
51722
51738
51754
51770
51786
51802
51818
51834
51850
51866
51882
51898
51914
51930
51946
52428
53007
53023
53039
53055
53071
53087
53103
53119
53135
53151
53167
53183
53199
53215
53231
53248
53264
53280
53312
53328
53329
53330
53332
53333
53336
53338
53360
53361
53362
53364
53365
53368
53370
53376
53408
53410
53416
53424
53456
53457
53458
53460
53461
53463
53464
53466
53469
53472
53488
53489
53490
53492
53493
53496
53498
53521
53569
53584
53585
53588
53589
53616
53617
53620
53621
53681
53712
53713
53716
53717
53729
53744
53745
53748
53840
53842
53848
53850
53872
53874
53880
53882
53890
53920
53922
53930
53938
53968
53970
53973
53976
53978
53986
54000
54002
54008
54292
54340
54352
54353
54356
54357
54384
54385
54388
54389
54452
54480
54481
54484
54485
54500
54512
54513
54516
54533
54549
54565
54581
54597
54608
54609
54612
54613
54615
54621
54623
54629
54640
54641
54644
54645
54647
54653
54655
54661
54677
54693
54725
54736
54737
54738
54740
54741
54743
54744
54749
54751
54768
54773
54775
54781
54783
55047
55125
55127
55133
55135
55157
55159
55165
55167
55248
55253
55255
55261
55263
55285
55287
55293
55376
55378
55384
55386
55408
55410
55416
55418
55432
55456
55464
55466
55480
55504
55506
55509
55512
55514
55528
55536
55538
55544
55818
55834
55850
55866
55882
55888
55890
55896
55898
55899
55902
55903
55914
55920
55922
55928
55930
55931
55934
55935
55946
55962
55970
55976
55978
56010
56016
56018
56024
56026
56027
56030
56031
56048
56058
56059
56062
56063
56154
56155
56158
56159
56186
56187
56190
56191
56282
56283
56286
56287
56314
56315
56318
56589
56661
56663
56669
56671
56693
56695
56701
56703
56784
56789
56791
56797
56799
56821
56823
56829
56922
56923
56926
56927
56954
56955
56958
56959
57050
57051
57054
57055
57082
57083
57086
57103
57119
57135
57151
57167
57173
57175
57178
57179
57181
57182
57183
57199
57205
57207
57210
57211
57213
57214
57231
57247
57263
57295
57301
57303
57306
57307
57309
57310
57333
57338
57344
57360
57376
57408
57424
57425
57428
57456
57472
57504
57505
57506
57508
57509
57512
57514
57520
57521
57522
57524
57525
57528
57530
57552
57568
57569
57570
57572
57573
57576
57578
57579
57582
57584
57585
57586
57588
57589
57592
57594
57665
57680
57681
57685
57713
57760
57761
57764
57765
57776
57777
57780
57781
57809
57824
57825
57828
57829
57834
57840
57841
57844
57890
57970
57986
58016
58018
58024
58026
58032
58034
58040
58042
58066
58080
58082
58088
58090
58096
58098
58104
58436
58448
58452
58453
58484
58528
58529
58532
58533
58544
58545
58548
58549
58580
58592
58593
58596
58597
58602
58608
58609
58612
58629
58645
58661
58677
58693
58705
58708
58709
58725
58757
58773
58784
58785
58788
58789
58791
58797
58799
58800
58801
58804
58805
58807
58813
58815
58821
58848
58849
58852
58853
58855
58861
58863
58864
58869
58871
58877
58879
59301
59303
59309
59311
59317
59319
59325
59327
59365
59367
59373
59375
59381
59383
59389
59432
59512
59528
59552
59554
59560
59562
59568
59570
59576
59578
59608
59616
59618
59624
59626
59632
59634
59640
59914
59930
59946
59962
59978
59994
60010
60042
60058
60064
60066
60072
60074
60075
60078
60079
60080
60082
60088
60090
60091
60094
60095
60106
60128
60129
60130
60132
60136
60138
60139
60142
60143
60144
60154
60155
60158
60159
60171
60330
60331
60334
60335
60346
60347
60350
60351
60384
60394
60395
60398
60399
60410
60411
60414
60837
60839
60845
60847
60853
60855
60861
60863
60901
60903
60909
60911
60917
60919
60925
60942
61098
61099
61102
61103
61114
61115
61118
61119
61152
61162
61163
61166
61167
61178
61179
61182
61199
61215
61231
61247
61263
61279
61295
61327
61343
61349
61351
61354
61355
61357
61358
61359
61365
61367
61370
61371
61373
61374
61391
61413
61415
61418
61419
61421
61422
61429
61434
61440
61441
61442
61444
61445
61448
61450
61455
61456
61457
61460
61472
61474
61480
61488
61504
61505
61508
61520
61521
61522
61524
61525
61528
61530
61536
61552
61553
61554
61556
61557
61560
61562
61568
61570
61576
61584
61600
61601
61602
61604
61605
61608
61610
61616
61617
61618
61620
61621
61624
61626
61632
61648
61649
61650
61652
61653
61656
61658
61664
61665
61666
61668
61669
61672
61674
61680
61681
61682
61683
61684
61685
61686
61687
61688
61689
61690
61691
61692
61693
61694
61695
61696
61697
61700
61712
61713
61717
61745
61760
61761
61765
61776
61777
61780
61781
61793
61808
61809
61812
61841
61856
61857
61860
61861
61872
61873
61876
61889
61904
61905
61908
61920
61921
61924
61936
61937
61938
61939
61940
61941
61942
61943
61944
61945
61946
61947
61948
61949
61950
61951
61952
61954
61960
61984
61986
61994
62002
62032
62034
62040
62042
62050
62064
62066
62072
62080
62082
62090
62098
62112
62114
62120
62122
62128
62130
62136
62146
62160
62162
62168
62176
62178
62184
62192
62193
62194
62195
62196
62197
62198
62199
62200
62201
62202
62203
62204
62205
62206
62207
62448
62449
62450
62451
62452
62453
62454
62455
62456
62457
62458
62459
62460
62461
62462
62464
62465
62468
62480
62484
62485
62516
62528
62532
62533
62544
62545
62548
62549
62564
62576
62577
62580
62612
62624
62625
62628
62629
62640
62641
62644
62660
62672
62673
62676
62688
62689
62692
62704
62705
62706
62707
62708
62709
62710
62711
62712
62713
62714
62715
62716
62717
62718
62719
62720
62725
62730
62737
62740
62741
62757
62785
62788
62789
62800
62801
62804
62805
62807
62813
62815
62832
62837
62839
62845
62847
62853
62880
62881
62884
62885
62887
62893
62895
62896
62901
62903
62909
62911
62928
62933
62935
62941
62943
62944
62949
62951
62957
62959
62960
62961
62962
62963
62964
62965
62966
62967
62968
62969
62970
62971
62972
62973
62974
63216
63217
63218
63219
63220
63221
63222
63223
63224
63225
63226
63227
63228
63229
63230
63317
63319
63325
63327
63349
63351
63357
63397
63399
63405
63407
63413
63415
63421
63445
63447
63453
63461
63463
63469
63472
63473
63474
63475
63476
63477
63478
63480
63481
63482
63484
63488
63490
63496
63520
63528
63530
63544
63568
63570
63576
63578
63592
63600
63602
63608
63616
63624
63626
63640
63648
63650
63656
63658
63664
63666
63672
63688
63696
63698
63704
63712
63714
63720
63728
63729
63730
63731
63732
63733
63734
63735
63736
63737
63738
63739
63740
63741
63742
63743
63984
63985
63986
63987
63988
63989
63990
63991
63992
63993
63994
63995
63996
63997
63998
64000
64005
64010
64026
64034
64040
64042
64074
64080
64082
64088
64090
64091
64094
64095
64112
64122
64123
64126
64127
64130
64136
64138
64160
64162
64168
64170
64171
64174
64175
64176
64186
64187
64190
64191
64208
64218
64219
64222
64223
64224
64234
64235
64238
64239
64240
64241
64242
64243
64244
64245
64246
64247
64248
64249
64250
64251
64252
64253
64254
64346
64347
64350
64351
64378
64379
64382
64426
64427
64430
64431
64442
64443
64446
64474
64475
64478
64490
64491
64494
64496
64497
64498
64499
64500
64501
64502
64504
64505
64506
64508
64752
64753
64754
64755
64756
64757
64758
64759
64760
64761
64762
64763
64764
64765
64766
64853
64855
64861
64863
64885
64887
64893
64933
64935
64941
64943
64949
64951
64957
64981
64983
64989
64997
64999
65005
65008
65009
65010
65011
65012
65013
65014
65016
65017
65018
65020
65114
65115
65118
65119
65146
65147
65150
65194
65195
65198
65199
65210
65211
65214
65242
65243
65246
65258
65259
65262
65264
65265
65266
65267
65268
65269
65270
65272
65273
65274
65276
65280
65295
65311
65327
65359
65365
65367
65370
65371
65373
65374
65397
65402
65423
65445
65447
65450
65451
65453
65454
65461
65466
65493
65498
65509
65514
65520
65521
65522
65524
65528