3
5
6
7
9
10
11
12
13
14
15
17
18
20
21
24
26
31
33
34
36
37
40
42
47
48
65
66
68
69
72
74
79
80
81
82
84
85
88
90
95
96
112
129
130
132
133
136
138
143
144
160
161
162
164
165
168
170
175
176
192
208
224
240
241
242
244
245
248
250
255
257
258
259
260
261
262
263
264
265
266
267
268
269
270
271
272
273
276
277
287
288
289
292
320
321
324
325
335
336
337
340
384
385
388
416
417
420
496
497
500
513
514
515
516
517
518
519
520
521
522
523
524
525
526
527
528
530
536
544
546
552
554
559
576
578
584
592
594
600
640
642
648
650
655
672
674
680
752
754
760
768
769
770
771
772
773
774
776
777
778
780
783
1025
1026
1027
1028
1029
1030
1031
1032
1033
1034
1035
1036
1037
1038
1039
1040
1041
1044
1045
1055
1056
1057
1060
1088
1089
1092
1093
1103
1104
1105
1108
1152
1153
1156
1184
1185
1188
1264
1265
1268
1280
1281
1282
1283
1284
1285
1286
1287
1288
1289
1290
1291
1292
1293
1294
1295
1296
1297
1300
1301
1303
1306
1307
1309
1310
1311
1312
1317
1319
1322
1325
1327
1333
1344
1345
1348
1349
1351
1354
1355
1357
1358
1359
1360
1365
1367
1370
1373
1375
1381
1397
1408
1413
1415
1418
1421
1423
1429
1440
1445
1447
1450
1453
1455
1461
1477
1493
1509
1520
1525
1530
1536
1537
1538
1539
1540
1541
1542
1544
1545
1546
1548
1551
1792
1793
1794
1796
1797
1799
1800
1802
1803
1805
1806
1807
1813
1815
1821
1823
1829
1831
1834
1837
1839
1861
1863
1869
1871
1877
1879
1885
1887
1911
1925
1927
1930
1933
1935
1957
1959
1965
1967
2007
2049
2050
2051
2052
2053
2054
2055
2056
2057
2058
2059
2060
2061
2062
2063
2064
2066
2072
2080
2082
2088
2090
2095
2112
2114
2120
2128
2130
2136
2176
2178
2184
2186
2191
2208
2210
2216
2288
2290
2296
2304
2305
2306
2307
2308
2309
2310
2312
2313
2314
2316
2319
2560
2561
2562
2563
2564
2565
2566
2567
2568
2569
2570
2571
2572
2573
2574
2575
2576
2581
2586
2587
2590
2591
2592
2594
2597
2599
2600
2602
2603
2605
2606
2607
2618
2624
2629
2634
2635
2638
2639
2640
2645
2650
2651
2654
2655
2666
2682
2688
2690
2693
2695
2696
2698
2699
2701
2702
2703
2714
2720
2725
2730
2731
2734
2735
2746
2762
2778
2794
2800
2805
2810
2816
2817
2818
2820
2821
2823
2824
2826
2827
2829
2830
2831
2837
2842
2843
2846
2847
2858
2859
2862
2863
2885
2890
2891
2894
2895
2906
2907
2910
2911
2954
2955
2958
2959
2986
2987
2990
2991
3003
3051
3072
3073
3074
3075
3076
3077
3078
3080
3081
3082
3084
3087
3328
3329
3330
3332
3333
3335
3336
3338
3339
3341
3342
3343
3349
3351
3357
3359
3365
3367
3370
3373
3375
3397
3399
3405
3407
3413
3415
3421
3423
3453
3461
3463
3466
3469
3471
3493
3495
3501
3503
3549
3584
3585
3586
3588
3589
3591
3592
3594
3595
3597
3598
3599
3605
3610
3611
3614
3615
3626
3627
3630
3631
3653
3658
3659
3662
3663
3674
3675
3678
3679
3722
3723
3726
3727
3754
3755
3758
3759
3774
3822
3840
3841
3842
3843
3844
3845
3846
3847
3848
3849
3850
3851
3852
3853
3854
3855
3856
3857
3860
3861
3863
3866
3867
3869
3870
3871
3872
3874
3877
3879
3880
3882
3883
3885
3886
3887
3903
3904
3905
3908
3909
3911
3914
3915
3917
3918
3919
3920
3925
3927
3930
3931
3933
3934
3935
3951
3967
3968
3970
3973
3975
3976
3978
3979
3981
3982
3983
3999
4000
4005
4007
4010
4011
4013
4014
4015
4031
4047
4063
4079
4080
4095
4097
4098
4100
4101
4104
4106
4111
4112
4113
4114
4116
4117
4120
4122
4127
4128
4144
4160
4161
4162
4164
4165
4168
4170
4175
4176
4177
4180
4192
4208
4224
4240
4256
4272
4288
4304
4320
4336
4337
4340
4352
4353
4356
4357
4367
4368
4369
4371
4372
4373
4375
4377
4379
4381
4383
4401
4416
4417
4420
4432
4433
4437
4447
4465
4497
4529
4561
4592
4593
4597
4608
4610
4616
4624
4626
4632
4672
4674
4680
4881
4883
4885
4889
4895
5120
5121
5124
5125
5135
5136
5137
5140
5141
5142
5143
5148
5149
5150
5151
5172
5184
5185
5188
5200
5204
5205
5215
5236
5268
5300
5332
5360
5364
5365
5376
5377
5380
5381
5383
5386
5387
5389
5390
5391
5392
5393
5395
5396
5397
5398
5399
5401
5402
5403
5404
5405
5406
5407
5413
5429
5440
5445
5447
5450
5453
5455
5457
5460
5461
5463
5467
5469
5470
5471
5477
5493
5509
5525
5541
5557
5573
5589
5605
5617
5620
5621
5652
5653
5654
5660
5663
5893
5895
5901
5903
5905
5908
5909
5911
5915
5917
5918
5919
5957
5959
5965
5967
5973
5975
5981
6144
6146
6152
6160
6162
6168
6208
6210
6216
6417
6419
6421
6425
6431
6656
6661
6666
6667
6670
6671
6672
6677
6682
6683
6686
6687
6698
6714
6720
6725
6730
6731
6734
6735
6746
6747
6750
6751
6762
6778
6794
6810
6826
6842
6858
6874
6890
6906
6917
6922
6923
6926
6927
6929
6933
6935
6938
6939
6941
6942
6943
6986
6987
6990
6991
6997
7002
7003
7006
7083
7188
7189
7190
7196
7199
7429
7431
7437
7439
7441
7444
7445
7447
7451
7453
7454
7455
7493
7495
7501
7503
7509
7511
7517
7685
7690
7691
7694
7695
7700
7701
7703
7706
7707
7709
7710
7711
7754
7755
7758
7759
7765
7770
7771
7774
7854
7936
7937
7940
7941
7943
7946
7947
7949
7950
7951
7952
7953
7955
7956
7957
7958
7959
7961
7962
7963
7964
7965
7966
7967
7983
7999
8000
8005
8007
8010
8011
8013
8014
8015
8017
8020
8021
8026
8031
8047
8063
8079
8095
8111
8127
8143
8159
8175
8191
8193
8194
8196
8197
8200
8202
8207
8208
8224
8225
8226
8228
8229
8232
8234
8239
8240
8256
8272
8288
8304
8320
8321
8322
8324
8325
8328
8330
8335
8336
8352
8354
8360
8368
8384
8400
8416
8432
8434
8440
8448
8449
8452
8480
8481
8484
8576
8577
8580
8704
8706
8712
8714
8719
8736
8738
8739
8742
8743
8744
8746
8747
8750
8751
8754
8802
8818
8832
8834
8840
8864
8866
8874
8879
8882
8930
8944
8946
8954
8994
8995
8998
9002
9007
9216
9217
9220
9248
9249
9252
9344
9345
9348
9472
9477
9479
9482
9485
9487
9493
9504
9509
9511
9514
9517
9519
9525
9541
9557
9573
9589
9600
9605
9607
9610
9613
9615
9621
9637
9639
9645
9647
9653
9669
9685
9701
9717
9762
9763
9766
9770
9775
9989
9991
9994
9997
9999
10018
10021
10023
10026
10027
10029
10030
10031
10071
10117
10119
10125
10127
10149
10151
10154
10157
10240
10242
10248
10250
10255
10272
10274
10280
10281
10282
10283
10284
10285
10286
10287
10296
10344
10360
10368
10370
10376
10400
10408
10410
10415
10424
10472
10480
10488
10490
10536
10537
10538
10540
10543
10752
10754
10757
10759
10760
10762
10763
10765
10766
10767
10778
10784
10786
10787
10789
10790
10791
10792
10793
10794
10795
10796
10797
10798
10799
10810
10826
10842
10858
10874
10880
10885
10890
10891
10894
10895
10906
10914
10919
10920
10922
10923
10925
10926
10927
10938
10954
10970
10986
10994
11000
11002
11018
11019
11022
11023
11042
11047
11048
11050
11051
11053
11054
11055
11146
11147
11150
11151
11178
11179
11182
11304
11305
11306
11308
11311
11525
11527
11530
11533
11535
11557
11559
11560
11562
11563
11565
11566
11567
11613
11653
11655
11661
11663
11685
11687
11690
11693
11786
11787
11790
11791
11810
11815
11816
11818
11819
11821
11822
11823
11914
11915
11918
11919
11946
11947
11950
12032
12034
12037
12039
12040
12042
12043
12045
12046
12047
12063
12064
12066
12067
12069
12070
12071
12072
12073
12074
12075
12076
12077
12078
12079
12095
12111
12127
12143
12159
12160
12165
12167
12170
12171
12173
12174
12175
12191
12194
12197
12200
12202
12207
12223
12239
12255
12271
12287
12288
12304
12320
12336
12352
12368
12384
12416
12432
12448
12480
12528
12561
12593
12625
12689
12785
12834
12850
12898
12962
13042
13107
13332
13364
13396
13460
13556
13573
13589
13605
13621
13637
13653
13669
13685
13701
13717
13733
13749
13765
13781
13797
13878
14376
14392
14440
14504
14584
14649
14858
14874
14890
14906
14922
14938
14954
14970
14986
15002
15018
15034
15050
15066
15082
15420
16143
16159
16175
16191
16207
16223
16239
16255
16271
16287
16303
16319
16335
16351
16367
16385
16386
16388
16389
16392
16394
16399
16400
16401
16402
16404
16405
16408
16410
16415
16416
16432
16448
16449
16450
16452
16453
16456
16458
16463
16464
16465
16468
16480
16496
16512
16528
16544
16560
16576
16592
16608
16624
16625
16628
16640
16641
16644
16645
16655
16656
16657
16660
16704
16705
16707
16708
16709
16711
16713
16715
16717
16719
16720
16721
16725
16735
16737
16753
16833
16849
16865
16880
16881
16885
16896
16898
16904
16912
16914
16920
16960
16962
16968
17217
17219
17221
17225
17231
17408
17409
17412
17413
17423
17424
17425
17428
17472
17473
17476
17477
17478
17479
17484
17485
17486
17487
17488
17492
17493
17503
17508
17524
17604
17620
17636
17648
17652
17653
17664
17665
17668
17669
17671
17674
17675
17677
17678
17679
17680
17685
17687
17690
17693
17695
17701
17717
17728
17729
17731
17732
17733
17734
17735
17737
17738
17739
17740
17741
17742
17743
17745
17748
17749
17751
17755
17757
17758
17759
17765
17781
17797
17813
17829
17845
17861
17877
17893
17905
17908
17909
17988
17989
17990
17996
17999
18181
18183
18189
18191
18197
18199
18205
18207
18241
18244
18245
18247
18251
18253
18254
18255
18261
18263
18269
18432
18434
18440
18448
18450
18456
18496
18498
18504
18753
18755
18757
18761
18767
18944
18949
18954
18955
18958
18959
18960
18965
18970
18971
18974
18975
18986
19002
19008
19013
19018
19019
19022
19023
19034
19035
19038
19039
19050
19066
19082
19098
19114
19130
19146
19162
19178
19194
19205
19210
19211
19214
19215
19226
19227
19230
19231
19265
19269
19271
19274
19275
19277
19278
19279
19285
19290
19291
19294
19371
19524
19525
19526
19532
19535
19717
19719
19725
19727
19733
19735
19741
19743
19777
19780
19781
19783
19787
19789
19790
19791
19797
19799
19805
19973
19978
19979
19982
19983
19994
19995
19998
19999
20036
20037
20039
20042
20043
20045
20046
20047
20053
20058
20059
20062
20142
20224
20225
20228
20229
20231
20234
20235
20237
20238
20239
20240
20245
20247
20250
20251
20253
20254
20255
20271
20287
20288
20289
20291
20292
20293
20294
20295
20297
20298
20299
20300
20301
20302
20303
20305
20308
20309
20314
20319
20335
20351
20367
20383
20399
20415
20431
20447
20463
20479
20480
20481
20482
20484
20485
20488
20490
20495
20496
20497
20500
20512
20528
20544
20545
20548
20560
20561
20562
20563
20564
20565
20566
20567
20568
20569
20570
20571
20572
20573
20574
20575
20576
20592
20593
20594
20596
20597
20600
20602
20608
20624
20640
20641
20642
20644
20645
20648
20650
20655
20656
20657
20660
20672
20688
20689
20690
20692
20693
20696
20698
20704
20705
20708
20720
20721
20722
20724
20725
20728
20730
20736
20737
20740
20752
20753
20757
20767
20785
20800
20801
20805
20815
20816
20817
20818
20819
20820
20821
20822
20823
20824
20825
20826
20827
20828
20829
20830
20831
20833
20848
20849
20852
20853
20881
20896
20897
20900
20912
20913
20917
20929
20944
20945
20948
20949
20960
20961
20965
20976
20977
20980
20981
20992
20994
21000
21072
21073
21074
21075
21076
21077
21078
21079
21080
21081
21082
21083
21084
21085
21086
21087
21104
21106
21112
21114
21152
21154
21160
21200
21202
21208
21210
21232
21234
21240
21242
21328
21329
21330
21331
21332
21333
21334
21335
21336
21337
21338
21339
21340
21341
21342
21504
21505
21508
21520
21524
21525
21535
21556
21568
21572
21573
21583
21584
21585
21586
21587
21588
21589
21590
21591
21592
21593
21594
21595
21596
21597
21598
21599
21604
21616
21617
21620
21621
21652
21664
21665
21668
21680
21684
21685
21700
21712
21713
21716
21717
21728
21732
21733
21744
21745
21748
21749
21760
21765
21767
21770
21773
21775
21777
21780
21781
21783
21787
21789
21790
21791
21797
21813
21825
21828
21829
21831
21835
21837
21838
21839
21840
21841
21842
21843
21844
21845
21846
21847
21848
21849
21850
21851
21852
21853
21854
21855
21861
21872
21873
21876
21877
21879
21885
21887
21893
21909
21920
21925
21930
21937
21940
21941
21957
21968
21969
21972
21973
21975
21981
21983
21985
21988
21989
22000
22001
22004
22005
22007
22013
22015
22096
22097
22098
22099
22100
22101
22102
22103
22104
22105
22106
22107
22108
22109
22110
22277
22279
22285
22287
22293
22295
22301
22311
22341
22343
22349
22352
22353
22354
22355
22356
22357
22358
22359
22360
22361
22362
22364
22365
22367
22389
22391
22397
22399
22407
22485
22487
22493
22495
22517
22519
22525
22527
22528
22530
22536
22608
22609
22610
22611
22612
22613
22614
22615
22616
22617
22618
22619
22620
22621
22622
22623
22640
22642
22648
22650
22688
22690
22696
22736
22738
22744
22746
22768
22770
22776
22778
22864
22865
22866
22867
22868
22869
22870
22871
22872
22873
22874
22875
22876
22877
22878
23040
23045
23050
23051
23054
23055
23066
23067
23070
23071
23082
23098
23114
23115
23118
23119
23120
23121
23122
23123
23124
23125
23126
23127
23128
23129
23130
23131
23132
23133
23134
23135
23146
23152
23154
23160
23162
23163
23166
23167
23178
23194
23200
23205
23210
23226
23242
23248
23250
23256
23258
23259
23262
23263
23274
23280
23282
23288
23290
23291
23294
23295
23306
23307
23310
23311
23317
23322
23323
23326
23365
23370
23371
23374
23376
23377
23378
23379
23380
23381
23382
23384
23385
23386
23387
23388
23390
23391
23418
23419
23422
23423
23514
23515
23518
23519
23546
23547
23550
23551
23632
23633
23634
23635
23636
23637
23638
23639
23640
23641
23642
23643
23644
23645
23646
23813
23815
23821
23823
23829
23831
23837
23853
23877
23879
23885
23888
23889
23890
23891
23892
23893
23894
23895
23896
23897
23898
23900
23901
23903
23925
23927
23933
23935
23949
24021
24023
24029
24031
24053
24055
24061
24063
24074
24075
24078
24079
24085
24090
24091
24094
24133
24138
24139
24142
24144
24145
24146
24147
24148
24149
24150
24152
24153
24154
24155
24156
24158
24159
24186
24187
24190
24191
24282
24283
24286
24287
24314
24315
24318
24319
24320
24325
24327
24330
24331
24333
24334
24335
24337
24340
24341
24346
24351
24367
24383
24385
24388
24389
24394
24399
24400
24401
24402
24404
24405
24407
24408
24410
24411
24413
24414
24415
24431
24437
24439
24442
24443
24445
24446
24447
24463
24479
24480
24495
24511
24527
24533
24535
24538
24539
24541
24542
24543
24559
24565
24567
24570
24571
24573
24574
24576
24592
24608
24624
24640
24656
24672
24704
24720
24736
24768
24816
24897
24913
24929
25025
25073
25122
25138
25186
25250
25330
25443
25668
25684
25700
25796
25844
25861
25877
25893
25909
25925
25941
25957
25973
25989
26005
26021
26037
26053
26069
26085
26214
26664
26680
26728
26792
26872
26985
27146
27162
27178
27194
27210
27226
27242
27258
27274
27290
27306
27322
27338
27354
27370
27756
28431
28447
28463
28479
28495
28511
28527
28543
28559
28575
28591
28607
28623
28639
28655
28672
28688
28704
28736
28752
28753
28754
28756
28757
28760
28762
28784
28785
28786
28788
28789
28791
28792
28794
28797
28800
28832
28834
28840
28848
28880
28881
28882
28884
28885
28888
28890
28896
28912
28913
28914
28916
28917
28920
28922
28945
28993
29008
29009
29012
29013
29040
29041
29044
29045
29105
29136
29137
29140
29141
29153
29168
29169
29172
29218
29264
29266
29272
29274
29296
29298
29301
29304
29306
29344
29346
29354
29362
29392
29394
29400
29402
29410
29424
29426
29432
29716
29764
29776
29777
29780
29781
29808
29809
29812
29813
29876
29904
29905
29908
29909
29924
29936
29937
29940
29957
29973
29989
30005
30021
30032
30033
30036
30037
30039
30045
30047
30053
30064
30065
30066
30068
30069
30071
30072
30077
30079
30085
30101
30117
30149
30160
30161
30164
30165
30167
30173
30175
30192
30197
30199
30205
30207
30471
30549
30551
30557
30559
30576
30581
30583
30589
30591
30677
30679
30685
30687
30709
30711
30717
30760
30800
30802
30808
30810
30832
30834
30837
30840
30842
30880
30888
30890
30904
30928
30930
30936
30938
30952
30960
30962
30968
31242
31258
31274
31290
31306
31312
31314
31320
31322
31323
31326
31327
31338
31344
31346
31352
31354
31355
31358
31359
31370
31386
31394
31400
31402
31434
31440
31442
31448
31450
31451
31454
31455
31472
31482
31483
31486
31487
31578
31579
31582
31583
31610
31611
31614
31615
31706
31707
31710
31711
31738
31739
31742
32013
32085
32087
32093
32095
32112
32117
32119
32125
32127
32213
32215
32221
32223
32245
32247
32253
32346
32347
32350
32351
32378
32379
32382
32383
32474
32475
32478
32479
32506
32507
32510
32527
32543
32559
32575
32591
32597
32599
32602
32603
32605
32606