3
5
6
7
9
10
11
12
13
14
15
17
18
20
21
24
26
31
33
34
36
37
40
42
47
48
65
66
68
69
72
74
79
80
81
82
84
85
88
90
95
96
112
129
130
132
133
136
138
143
144
160
161
162
164
165
168
170
175
176
192
208
224
240
241
242
244
245
248
250
255
257
258
259
260
261
262
263
264
265
266
267
268
269
270
271
272
273
276
277
287
288
289
292
320
321
324
325
335
336
337
340
384
385
388
416
417
420
496
497
500
513
514
515
516
517
518
519
520
521
522
523
524
525
526
527
528
530
536
544
546
552
554
559
576
578
584
592
594
600
640
642
648
650
655
672
674
680
752
754
760
768
769
770
771
772
773
774
776
777
778
780
783
1025
1026
1027
1028
1029
1030
1031
1032
1033
1034
1035
1036
1037
1038
1039
1040
1041
1044
1045
1055
1056
1057
1060
1088
1089
1092
1093
1103
1104
1105
1108
1152
1153
1156
1184
1185
1188
1264
1265
1268
1280
1281
1282
1283
1284
1285
1286
1287
1288
1289
1290
1291
1292
1293
1294
1295
1296
1297
1300
1301
1303
1306
1307
1309
1310
1311
1312
1317
1319
1322
1325
1327
1333
1344
1345
1348
1349
1351
1354
1355
1357
1358
1359
1360
1365
1367
1370
1373
1375
1381
1397
1408
1413
1415
1418
1421
1423
1429
1440
1445
1447
1450
1453
1455
1461
1477
1493
1509
1520
1525
1530
1536
1537
1538
1539
1540
1541
1542
1544
1545
1546
1548
1551
1792
1793
1794
1796
1797
1799
1800
1802
1803
1805
1806
1807
1813
1815
1821
1823
1829
1831
1834
1837
1839
1861
1863
1869
1871
1877
1879
1885
1887
1911
1925
1927
1930
1933
1935
1957
1959
1965
1967
2007
2049
2050
2051
2052
2053
2054
2055
2056
2057
2058
2059
2060
2061
2062
2063
2064
2066
2072
2080
2082
2088
2090
2095
2112
2114
2120
2128
2130
2136
2176
2178
2184
2186
2191
2208
2210
2216
2288
2290
2296
2304
2305
2306
2307
2308
2309
2310
2312
2313
2314
2316
2319
2560
2561
2562
2563
2564
2565
2566
2567
2568
2569
2570
2571
2572
2573
2574
2575
2576
2581
2586
2587
2590
2591
2592
2594
2597
2599
2600
2602
2603
2605
2606
2607
2618
2624
2629
2634
2635
2638
2639
2640
2645
2650
2651
2654
2655
2666
2682
2688
2690
2693
2695
2696
2698
2699
2701
2702
2703
2714
2720
2725
2730
2731
2734
2735
2746
2762
2778
2794
2800
2805
2810
2816
2817
2818
2820
2821
2823
2824
2826
2827
2829
2830
2831
2837
2842
2843
2846
2847
2858
2859
2862
2863
2885
2890
2891
2894
2895
2906
2907
2910
2911
2954
2955
2958
2959
2986
2987
2990
2991
3003
3051
3072
3073
3074
3075
3076
3077
3078
3080
3081
3082
3084
3087
3328
3329
3330
3332
3333
3335
3336
3338
3339
3341
3342
3343
3349
3351
3357
3359
3365
3367
3370
3373
3375
3397
3399
3405
3407
3413
3415
3421
3423
3453
3461
3463
3466
3469
3471
3493
3495
3501
3503
3549
3584
3585
3586
3588
3589
3591
3592
3594
3595
3597
3598
3599
3605
3610
3611
3614
3615
3626
3627
3630
3631
3653
3658
3659
3662
3663
3674
3675
3678
3679
3722
3723
3726
3727
3754
3755
3758
3759
3774
3822
3840
3841
3842
3843
3844
3845
3846
3847
3848
3849
3850
3851
3852
3853
3854
3855
3856
3857
3860
3861
3863
3866
3867
3869
3870
3871
3872
3874
3877
3879
3880
3882
3883
3885
3886
3887
3903
3904
3905
3908
3909
3911
3914
3915
3917
3918
3919
3920
3925
3927
3930
3931
3933
3934
3935
3951
3967
3968
3970
3973
3975
3976
3978
3979
3981
3982
3983
3999
4000
4005
4007
4010
4011
4013
4014
4015
4031
4047
4063
4079
4080
4095
4097
4098
4100
4101
4104
4106
4111
4112
4113
4114
4116
4117
4120
4122
4127
4128
4144
4160
4161
4162
4164
4165
4168
4170
4175
4176
4177
4180
4192
4208
4224
4240
4256
4272
4288
4304
4320
4336
4337
4340
4352
4353
4356
4357
4367
4368
4369
4371
4372
4373
4375
4377
4379
4381
4383
4401
4416
4417
4420
4432
4433
4437
4447
4465
4497
4529
4561
4592
4593
4597
4608
4610
4616
4624
4626
4632
4672
4674
4680
4881
4883
4885
4889
4895
5120
5121
5124
5125
5135
5136
5137
5140
5141
5142
5143
5148
5149
5150
5151
5172
5184
5185
5188
5200
5204
5205
5215
5236
5268
5300
5332
5360
5364
5365
5376
5377
5380
5381
5383
5386
5387
5389
5390
5391
5392
5393
5395
5396
5397
5398
5399
5401
5402
5403
5404
5405
5406
5407
5413
5429
5440
5445
5447
5450
5453
5455
5457
5460
5461
5463
5467
5469
5470
5471
5477
5493
5509
5525
5541
5557
5573
5589
5605
5617
5620
5621
5652
5653
5654
5660
5663
5893
5895
5901
5903
5905
5908
5909
5911
5915
5917
5918
5919
5957
5959
5965
5967
5973
5975
5981
6144
6146
6152
6160
6162
6168
6208
6210
6216
6417
6419
6421
6425
6431
6656
6661
6666
6667
6670
6671
6672
6677
6682
6683
6686
6687
6698
6714
6720
6725
6730
6731
6734
6735
6746
6747
6750
6751
6762
6778
6794
6810
6826
6842
6858
6874
6890
6906
6917
6922
6923
6926
6927
6929
6933
6935
6938
6939
6941
6942
6943
6986
6987
6990
6991
6997
7002
7003
7006
7083
7188
7189
7190
7196
7199
7429
7431
7437
7439
7441
7444
7445
7447
7451
7453
7454
7455
7493
7495
7501
7503
7509
7511
7517
7685
7690
7691
7694
7695
7700
7701
7703
7706
7707
7709
7710
7711
7754
7755
7758
7759
7765
7770
7771
7774
7854
7936
7937
7940
7941
7943
7946
7947
7949
7950
7951
7952
7953
7955
7956
7957
7958
7959
7961
7962
7963
7964
7965
7966
7967
7983
7999
8000
8005
8007
8010
8011
8013
8014
8015
8017
8020
8021
8026
8031
8047
8063
8079
8095
8111
8127
8143
8159
8175
8191
8193
8194
8196
8197
8200
8202
8207
8208
8224
8225
8226
8228
8229
8232
8234
8239
8240
8256
8272
8288
8304
8320
8321
8322
8324
8325
8328
8330
8335
8336
8352
8354
8360
8368
8384
8400
8416
8432
8434
8440
8448
8449
8452
8480
8481
8484
8576
8577
8580
8704
8706
8712
8714
8719
8736
8738
8739
8742
8743
8744
8746
8747
8750
8751
8754
8802
8818
8832
8834
8840
8864
8866
8874
8879
8882
8930
8944
8946
8954
8994
8995
8998
9002
9007
9216
9217
9220
9248
9249
9252
9344
9345
9348
9472
9477
9479
9482
9485
9487
9493
9504
9509
9511
9514
9517
9519
9525
9541
9557
9573
9589
9600
9605
9607
9610
9613
9615
9621
9637
9639
9645
9647
9653
9669
9685
9701
9717
9762
9763
9766
9770
9775
9989
9991
9994
9997
9999
10018
10021
10023
10026
10027
10029
10030
10031
10071
10117
10119
10125
10127
10149
10151
10154
10157
10240
10242
10248
10250
10255
10272
10274
10280
10281
10282
10283
10284
10285
10286
10287
10296
10344
10360
10368
10370
10376
10400
10408
10410
10415
10424
10472
10480
10488
10490
10536
10537
10538
10540
10543
10752
10754
10757
10759
10760
10762
10763
10765
10766
10767
10778
10784
10786
10787
10789
10790
10791
10792
10793
10794
10795
10796
10797
10798
10799
10810
10826
10842
10858
10874
10880
10885
10890
10891
10894
10895
10906
10914
10919
10920
10922
10923
10925
10926
10927
10938
10954
10970
10986
10994
11000
11002
11018
11019
11022
11023
11042
11047
11048
11050
11051
11053
11054
11055
11146
11147
11150
11151
11178
11179
11182
11304
11305
11306
11308
11311
11525
11527
11530
11533
11535
11557
11559
11560
11562
11563
11565
11566
11567
11613
11653
11655
11661
11663
11685
11687
11690
11693
11786
11787
11790
11791
11810
11815
11816
11818
11819
11821
11822
11823
11914
11915
11918
11919
11946
11947
11950
12032
12034
12037
12039
12040
12042
12043
12045
12046
12047
12063
12064
12066
12067
12069
12070
12071
12072
12073
12074
12075
12076
12077
12078
12079
12095
12111
12127
12143
12159
12160
12165
12167
12170
12171
12173
12174
12175
12191
12194
12197
12200
12202
12207
12223
12239
12255
12271
12287
12288
12304
12320
12336
12352
12368
12384
12416
12432
12448
12480
12528
12561
12593
12625
12689
12785
12834
12850
12898
12962
13042
13107
13332
13364
13396
13460
13556
13573
13589
13605
13621
13637
13653
13669
13685
13701
13717
13733
13749
13765
13781
13797
13878
14376
14392
14440
14504
14584
14649
14858
14874
14890
14906
14922
14938
14954
14970
14986
15002
15018
15034
15050
15066
15082
15420
16143
16159
16175
16191
16207
16223
16239
16255
16271
16287
16303
16319
16335
16351
16367
16383
16385
16386
16388
16389
16392
16394
16399
16400
16401
16402
16404
16405
16408
16410
16415
16416
16432
16448
16449
16450
16452
16453
16456
16458
16463
16464
16465
16468
16480
16496
16512
16528
16544
16560
16576
16592
16608
16624
16625
16628
16640
16641
16644
16645
16655
16656
16657
16660
16704
16705
16707
16708
16709
16711
16713
16715
16717
16719
16720
16721
16725
16735
16737
16753
16833
16849
16865
16880
16881
16885
16896
16898
16904
16912
16914
16920
16960
16962
16968
17217
17219
17221
17225
17231
17408
17409
17412
17413
17423
17424
17425
17428
17472
17473
17476
17477
17478
17479
17484
17485
17486
17487
17488
17492
17493
17503
17508
17524
17604
17620
17636
17648
17652
17653
17664
17665
17668
17669
17671
17674
17675
17677
17678
17679
17680
17685
17687
17690
17693
17695
17701
17717
17728
17729
17731
17732
17733
17734
17735
17737
17738
17739
17740
17741
17742
17743
17745
17748
17749
17751
17755
17757
17758
17759
17765
17781
17797
17813
17829
17845
17861
17877
17893
17905
17908
17909
17988
17989
17990
17996
17999
18181
18183
18189
18191
18197
18199
18205
18207
18241
18244
18245
18247
18251
18253
18254
18255
18261
18263
18269
18432
18434
18440
18448
18450
18456
18496
18498
18504
18753
18755
18757
18761
18767
18944
18949
18954
18955
18958
18959
18960
18965
18970
18971
18974
18975
18986
19002
19008
19013
19018
19019
19022
19023
19034
19035
19038
19039
19050
19066
19082
19098
19114
19130
19146
19162
19178
19194
19205
19210
19211
19214
19215
19226
19227
19230
19231
19265
19269
19271
19274
19275
19277
19278
19279
19285
19290
19291
19294
19371
19524
19525
19526
19532
19535
19717
19719
19725
19727
19733
19735
19741
19743
19777
19780
19781
19783
19787
19789
19790
19791
19797
19799
19805
19973
19978
19979
19982
19983
19994
19995
19998
19999
20036
20037
20039
20042
20043
20045
20046
20047
20053
20058
20059
20062
20142
20224
20225
20228
20229
20231
20234
20235
20237
20238
20239
20240
20245
20247
20250
20251
20253
20254
20255
20271
20287
20288
20289
20291
20292
20293
20294
20295
20297
20298
20299
20300
20301
20302
20303
20305
20308
20309
20314
20319
20335
20351
20367
20383
20399
20415
20431
20447
20463
20479
20480
20481
20482
20484
20485
20488
20490
20495
20496
20497
20500
20512
20528
20544
20545
20548
20560
20561
20562
20563
20564
20565
20566
20567
20568
20569
20570
20571
20572
20573
20574
20575
20576
20592
20593
20594
20596
20597
20600
20602
20608
20624
20640
20641
20642
20644
20645
20648
20650
20655
20656
20657
20660
20672
20688
20689
20690
20692
20693
20696
20698
20704
20705
20708
20720
20721
20722
20724
20725
20728
20730
20736
20737
20740
20752
20753
20757
20767
20785
20800
20801
20805
20815
20816
20817
20818
20819
20820
20821
20822
20823
20824
20825
20826
20827
20828
20829
20830
20831
20833
20848
20849
20852
20853
20881
20896
20897
20900
20912
20913
20917
20929
20944
20945
20948
20949
20960
20961
20965
20976
20977
20980
20981
20992
20994
21000
21072
21073
21074
21075
21076
21077
21078
21079
21080
21081
21082
21083
21084
21085
21086
21087
21104
21106
21112
21114
21152
21154
21160
21200
21202
21208
21210
21232
21234
21240
21242
21328
21329
21330
21331
21332
21333
21334
21335
21336
21337
21338
21339
21340
21341
21342
21504
21505
21508
21520
21524
21525
21535
21556
21568
21572
21573
21583
21584
21585
21586
21587
21588
21589
21590
21591
21592
21593
21594
21595
21596
21597
21598
21599
21604
21616
21617
21620
21621
21652
21664
21665
21668
21680
21684
21685
21700
21712
21713
21716
21717
21728
21732
21733
21744
21745
21748
21749
21760
21765
21767
21770
21773
21775
21777
21780
21781
21783
21787
21789
21790
21791
21797
21813
21825
21828
21829
21831
21835
21837
21838
21839
21840
21841
21842
21843
21844
21845
21846
21847
21848
21849
21850
21851
21852
21853
21854
21855
21861
21872
21873
21876
21877
21879
21885
21887
21893
21909
21920
21925
21930
21937
21940
21941
21957
21968
21969
21972
21973
21975
21981
21983
21985
21988
21989
22000
22001
22004
22005
22007
22013
22015
22096
22097
22098
22099
22100
22101
22102
22103
22104
22105
22106
22107
22108
22109
22110
22277
22279
22285
22287
22293
22295
22301
22311
22341
22343
22349
22352
22353
22354
22355
22356
22357
22358
22359
22360
22361
22362
22364
22365
22367
22389
22391
22397
22399
22407
22485
22487
22493
22495
22517
22519
22525
22527
22528
22530
22536
22608
22609
22610
22611
22612
22613
22614
22615
22616
22617
22618
22619
22620
22621
22622
22623
22640
22642
22648
22650
22688
22690
22696
22736
22738
22744
22746
22768
22770
22776
22778
22864
22865
22866
22867
22868
22869
22870
22871
22872
22873
22874
22875
22876
22877
22878
23040
23045
23050
23051
23054
23055
23066
23067
23070
23071
23082
23098
23114
23115
23118
23119
23120
23121
23122
23123
23124
23125
23126
23127
23128
23129
23130
23131
23132
23133
23134
23135
23146
23152
23154
23160
23162
23163
23166
23167
23178
23194
23200
23205
23210
23226
23242
23248
23250
23256
23258
23259
23262
23263
23274
23280
23282
23288
23290
23291
23294
23295
23306
23307
23310
23311
23317
23322
23323
23326
23365
23370
23371
23374
23376
23377
23378
23379
23380
23381
23382
23384
23385
23386
23387
23388
23390
23391
23418
23419
23422
23423
23514
23515
23518
23519
23546
23547
23550
23551
23632
23633
23634
23635
23636
23637
23638
23639
23640
23641
23642
23643
23644
23645
23646
23813
23815
23821
23823
23829
23831
23837
23853
23877
23879
23885
23888
23889
23890
23891
23892
23893
23894
23895
23896
23897
23898
23900
23901
23903
23925
23927
23933
23935
23949
24021
24023
24029
24031
24053
24055
24061
24063
24074
24075
24078
24079
24085
24090
24091
24094
24133
24138
24139
24142
24144
24145
24146
24147
24148
24149
24150
24152
24153
24154
24155
24156
24158
24159
24186
24187
24190
24191
24282
24283
24286
24287
24314
24315
24318
24319
24320
24325
24327
24330
24331
24333
24334
24335
24337
24340
24341
24346
24351
24367
24383
24385
24388
24389
24394
24399
24400
24401
24402
24404
24405
24407
24408
24410
24411
24413
24414
24415
24431
24437
24439
24442
24443
24445
24446
24447
24463
24479
24480
24495
24511
24527
24533
24535
24538
24539
24541
24542
24543
24559
24565
24567
24570
24571
24573
24574
24575
24576
24592
24608
24624
24640
24656
24672
24704
24720
24736
24768
24816
24897
24913
24929
25025
25073
25122
25138
25186
25250
25330
25443
25668
25684
25700
25796
25844
25861
25877
25893
25909
25925
25941
25957
25973
25989
26005
26021
26037
26053
26069
26085
26214
26664
26680
26728
26792
26872
26985
27146
27162
27178
27194
27210
27226
27242
27258
27274
27290
27306
27322
27338
27354
27370
27756
28431
28447
28463
28479
28495
28511
28527
28543
28559
28575
28591
28607
28623
28639
28655
28671
28672
28688
28704
28736
28752
28753
28754
28756
28757
28760
28762
28784
28785
28786
28788
28789
28791
28792
28794
28797
28800
28832
28834
28840
28848
28880
28881
28882
28884
28885
28888
28890
28896
28912
28913
28914
28916
28917
28920
28922
28945
28993
29008
29009
29012
29013
29040
29041
29044
29045
29105
29136
29137
29140
29141
29153
29168
29169
29172
29218
29264
29266
29272
29274
29296
29298
29301
29304
29306
29344
29346
29354
29362
29392
29394
29400
29402
29410
29424
29426
29432
29716
29764
29776
29777
29780
29781
29808
29809
29812
29813
29876
29904
29905
29908
29909
29924
29936
29937
29940
29957
29973
29989
30005
30021
30032
30033
30036
30037
30039
30045
30047
30053
30064
30065
30066
30068
30069
30071
30072
30077
30079
30085
30101
30117
30149
30160
30161
30164
30165
30167
30173
30175
30192
30197
30199
30205
30207
30471
30549
30551
30557
30559
30576
30581
30583
30589
30591
30677
30679
30685
30687
30709
30711
30717
30719
30760
30800
30802
30808
30810
30832
30834
30837
30840
30842
30880
30888
30890
30904
30928
30930
30936
30938
30952
30960
30962
30968
31242
31258
31274
31290
31306
31312
31314
31320
31322
31323
31326
31327
31338
31344
31346
31352
31354
31355
31358
31359
31370
31386
31394
31400
31402
31434
31440
31442
31448
31450
31451
31454
31455
31472
31482
31483
31486
31487
31578
31579
31582
31583
31610
31611
31614
31615
31706
31707
31710
31711
31738
31739
31742
32013
32085
32087
32093
32095
32112
32117
32119
32125
32127
32213
32215
32221
32223
32245
32247
32253
32255
32346
32347
32350
32351
32378
32379
32382
32383
32474
32475
32478
32479
32506
32507
32510
32527
32543
32559
32575
32591
32597
32599
32602
32603
32605
32606
32607
32623
32629
32631
32634
32635
32637
32638
32639
32655
32671
32687
32703
32719
32725
32727
32730
32731
32733
32734
32735
32751
32757
32759
32762
32765
32767
32769
32770
32772
32773
32776
32778
32783
32784
32800
32801
32802
32804
32805
32808
32810
32815
32816
32832
32848
32864
32880
32896
32897
32898
32900
32901
32904
32906
32911
32912
32928
32930
32936
32944
32960
32976
32992
33008
33010
33016
33024
33025
33028
33056
33057
33060
33152
33153
33156
33280
33282
33288
33290
33295
33312
33314
33320
33408
33410
33411
33414
33415
33416
33418
33419
33422
33423
33426
33440
33442
33450
33455
33458
33474
33490
33506
33520
33522
33530
33666
33667
33670
33674
33679
33792
33793
33796
33824
33825
33828
33920
33921
33924
34048
34053
34055
34058
34061
34063
34069
34080
34085
34087
34090
34093
34095
34101
34117
34133
34149
34165
34176
34181
34183
34186
34189
34191
34197
34213
34215
34221
34223
34229
34245
34261
34277
34293
34434
34435
34438
34442
34447
34565
34567
34570
34573
34575
34597
34599
34605
34607
34647
34690
34693
34695
34698
34699
34701
34702
34703
34725
34727
34730
34733
34816
34818
34824
34826
34831
34848
34850
34856
34944
34946
34952
34953
34954
34955
34956
34957
34958
34959
34968
34976
34984
34986
34991
35000
35016
35032
35048
35056
35064
35066
35208
35209
35210
35212
35215
35328
35330
35333
35335
35336
35338
35339
35341
35342
35343
35354
35360
35365
35370
35371
35374
35375
35386
35402
35418
35434
35450
35456
35458
35459
35461
35462
35463
35464
35465
35466
35467
35468
35469
35470
35471
35482
35490
35495
35496
35498
35499
35501
35502
35503
35514
35530
35546
35562
35570
35576
35578
35594
35595
35598
35599
35626
35627
35630
35631
35714
35719
35720
35722
35723
35725
35726
35727
35754
35755
35758
35976
35977
35978
35980
35983
36101
36103
36106
36109
36111
36133
36135
36141
36143
36189
36229
36231
36232
36234
36235
36237
36238
36239
36261
36263
36266
36269
36362
36363
36366
36367
36394
36395
36398
36399
36482
36487
36488
36490
36491
36493
36494
36495
36522
36523
36526
36608
36610
36613
36615
36616
36618
36619
36621
36622
36623
36639
36640
36645
36647
36650
36651
36653
36654
36655
36671
36687
36703
36719
36735
36736
36738
36739
36741
36742
36743
36744
36745
36746
36747
36748
36749
36750
36751
36767
36770
36773
36776
36778
36783
36799
36815
36831
36847
36863
36864
36880
36896
36912
36928
36944
36960
36992
37008
37024
37056
37104
37137
37169
37201
37265
37361
37506
37522
37538
37570
37618
37779
37908
37940
37972
38036
38132
38149
38165
38181
38197
38213
38229
38245
38261
38277
38293
38309
38325
38341
38357
38373
38550
39048
39064
39080
39112
39160
39321
39434
39450
39466
39482
39498
39514
39530
39546
39562
39578
39594
39610
39626
39642
39658
40092
40719
40735
40751
40767
40783
40799
40815
40831
40847
40863
40879
40895
40911
40927
40943
40959
40960
40961
40962
40964
40965
40968
40970
40975
40976
40992
40994
41000
41008
41024
41040
41041
41042
41044
41045
41048
41050
41055
41056
41072
41074
41080
41088
41090
41096
41104
41120
41121
41122
41123
41124
41125
41126
41127
41128
41129
41130
41131
41132
41133
41134
41135
41136
41137
41138
41140
41141
41144
41146
41152
41168
41170
41176
41184
41185
41186
41188
41189
41192
41194
41200
41201
41202
41204
41205
41208
41210
41216
41217
41220
41296
41297
41300
41376
41377
41378
41379
41380
41381
41382
41383
41384
41385
41386
41387
41388
41389
41390
41391
41392
41393
41396
41397
41440
41441
41444
41445
41456
41457
41460
41461
41472
41474
41480
41504
41506
41514
41519
41522
41552
41554
41560
41570
41584
41586
41594
41600
41602
41610
41615
41618
41632
41633
41634
41635
41636
41637
41638
41639
41640
41641
41642
41643
41644
41645
41646
41647
41648
41650
41656
41658
41666
41680
41682
41690
41696
41698
41704
41706
41712
41714
41720
41722
41888
41889
41890
41891
41892
41893
41894
41895
41896
41897
41898
41899
41900
41901
41902
41984
41985
41988
42064
42065
42068
42144
42145
42146
42147
42148
42149
42150
42151
42152
42153
42154
42155
42156
42157
42158
42159
42160
42161
42164
42165
42208
42209
42212
42213
42224
42225
42228
42229
42240
42245
42247
42250
42253
42255
42261
42277
42279
42285
42287
42293
42309
42320
42325
42330
42341
42357
42373
42375
42381
42383
42389
42400
42401
42402
42403
42404
42405
42406
42407
42408
42409
42410
42411
42412
42413
42414
42415
42416
42417
42420
42421
42423
42429
42431
42437
42453
42464
42465
42468
42469
42471
42477
42479
42480
42481
42484
42485
42487
42493
42495
42656
42657
42658
42659
42660
42661
42662
42663
42664
42665
42666
42667
42668
42669
42670
42757
42759
42765
42767
42789
42791
42794
42797
42885
42887
42890
42893
42912
42913
42914
42915
42916
42917
42918
42919
42920
42921
42922
42924
42925
42927
42933
42935
42941
42943
42981
42983
42989
42991
42997
42999
43005
43007
43008
43010
43016
43040
43048
43050
43055
43064
43088
43090
43096
43112
43120
43128
43130
43136
43144
43146
43151
43160
43168
43169
43170
43171
43172
43173
43174
43175
43176
43177
43178
43179
43180
43181
43182
43183
43184
43186
43192
43194
43208
43216
43224
43226
43232
43234
43240
43242
43248
43250
43256
43258
43424
43425
43426
43427
43428
43429
43430
43431
43432
43433
43434
43435
43436
43437
43438
43520
43525
43530
43531
43534
43535
43546
43554
43559
43560
43562
43563
43565
43566
43567
43578
43594
43600
43605
43610
43626
43634
43640
43642
43650
43655
43656
43658
43659
43661
43662
43663
43674
43680
43681
43682
43683
43684
43685
43686
43687
43688
43689
43690
43691
43692
43693
43694
43695
43696
43698
43704
43706
43707
43710
43711
43722
43730
43736
43738
43744
43746
43752
43754
43755
43758
43759
43760
43762
43768
43770
43771
43774
43775
43786
43787
43790
43791
43803
43818
43819
43822
43851
43914
43915
43918
43936
43937
43938
43939
43940
43941
43942
43944
43945
43946
43947
43948
43950
43951
43962
43963
43966
43967
44010
44011
44014
44015
44026
44027
44030
44031
44192
44193
44194
44195
44196
44197
44198
44199
44200
44201
44202
44203
44204
44205
44206
44293
44295
44301
44303
44325
44327
44330
44333
44421
44423
44426
44429
44448
44449
44450
44451
44452
44453
44454
44455
44456
44457
44458
44460
44461
44463
44469
44471
44477
44479
44517
44519
44525
44527
44533
44535
44541
44543
44554
44555
44558
44559
44574
44586
44587
44590
44622
44682
44683
44686
44704
44705
44706
44707
44708
44709
44710
44712
44713
44714
44715
44716
44718
44719
44730
44731
44734
44735
44778
44779
44782
44783
44794
44795
44798
44799
44800
44805
44807
44810
44811
44813
44814
44815
44831
44834
44837
44840
44842
44847
44863
44879
44880
44895
44911
44927
44930
44933
44936
44938
44943
44959
44960
44961
44962
44964
44965
44967
44968
44970
44971
44973
44974
44975
44981
44983
44986
44987
44989
44990
44991
45007
45023
45029
45031
45034
45035
45037
45038
45039
45045
45047
45050
45051
45053
45054
45055
45056
45072
45088
45120
45136
45137
45140
45168
45184
45216
45217
45218
45220
45221
45224
45226
45232
45233
45234
45236
45237
45240
45242
45243
45246
45264
45280
45281
45282
45284
45285
45288
45290
45296
45297
45298
45300
45301
45304
45306
45329
45392
45393
45397
45425
45472
45473
45476
45477
45488
45489
45492
45493
45498
45521
45536
45537
45540
45541
45552
45553
45556
45602
45682
45698
45728
45730
45736
45738
45744
45746
45752
45754
45778
45792
45794
45800
45802
45808
45810
45816
46100
46160
46164
46165
46196
46240
46241
46244
46245
46256
46257
46260
46261
46266
46292
46304
46305
46308
46309
46320
46321
46324
46341
46357
46373
46389
46405
46417
46420
46421
46437
46469
46485
46496
46497
46500
46501
46503
46509
46511
46512
46513
46516
46517
46519
46525
46527
46533
46560
46561
46564
46565
46567
46573
46575
46576
46581
46583
46589
46591
47013
47015
47021
47023
47029
47031
47037
47039
47077
47079
47085
47087
47093
47095
47101
47144
47224
47240
47264
47266
47272
47274
47280
47282
47288
47290
47320
47328
47330
47336
47338
47344
47346
47352
47626
47642
47658
47674
47690
47706
47722
47754
47770
47776
47778
47784
47786
47787
47790
47791
47792
47793
47794
47796
47800
47802
47803
47806
47807
47818
47840
47842
47848
47850
47851
47854
47855
47856
47866
47867
47870
47871
47883
48042
48043
48046
48047
48048
48058
48059
48062
48063
48106
48107
48110
48111
48122
48123
48126
48127
48549
48551
48557
48559
48565
48567
48573
48575
48613
48615
48621
48623
48629
48631
48637
48654
48810
48811
48814
48815
48816
48826
48827
48830
48831
48874
48875
48878
48879
48890
48891
48894
48895
48911
48927
48943
48959
48975
48991
49007
49023
49039
49055
49061
49063
49066
49067
49069
49070
49071
49077
49079
49082
49083
49085
49086
49087
49103
49119
49125
49127
49130
49131
49133
49134
49135
49141
49146
49147
49150
49151
49152
49168
49184
49200
49216
49232
49248
49280
49296
49312
49344
49392
49473
49489
49505
49601
49649
49794
49810
49826
49858
49906
50115
50244
50260
50276
50372
50420
50437
50453
50469
50485
50501
50517
50533
50549
50565
50581
50597
50613
50629
50645
50661
50886
51336
51352
51368
51400
51448
51657
51722
51738
51754
51770
51786
51802
51818
51834
51850
51866
51882
51898
51914
51930
51946
52428
53007
53023
53039
53055
53071
53087
53103
53119
53135
53151
53167
53183
53199
53215
53231
53247
53248
53264
53280
53312
53328
53329
53330
53332
53333
53336
53338
53360
53361
53362
53364
53365
53368
53370
53376
53408
53410
53416
53424
53456
53457
53458
53460
53461
53463
53464
53466
53469
53472
53488
53489
53490
53492
53493
53496
53498
53521
53569
53584
53585
53588
53589
53616
53617
53620
53621
53681
53712
53713
53716
53717
53729
53744
53745
53748
53840
53842
53848
53850
53872
53874
53880
53882
53890
53920
53922
53930
53938
53968
53970
53973
53976
53978
53986
54000
54002
54008
54292
54340
54352
54353
54356
54357
54384
54385
54388
54389
54452
54480
54481
54484
54485
54500
54512
54513
54516
54533
54549
54565
54581
54597
54608
54609
54612
54613
54615
54621
54623
54629
54640
54641
54644
54645
54647
54653
54655
54661
54677
54693
54725
54736
54737
54738
54740
54741
54743
54744
54749
54751
54768
54773
54775
54781
54783
55047
55125
55127
55133
55135
55157
55159
55165
55167
55248
55253
55255
55261
55263
55285
55287
55293
55295
55376
55378
55384
55386
55408
55410
55416
55418
55432
55456
55464
55466
55480
55504
55506
55509
55512
55514
55528
55536
55538
55544
55818
55834
55850
55866
55882
55888
55890
55896
55898
55899
55902
55903
55914
55920
55922
55928
55930
55931
55934
55935
55946
55962
55970
55976
55978
56010
56016
56018
56024
56026
56027
56030
56031
56048
56058
56059
56062
56063
56154
56155
56158
56159
56186
56187
56190
56191
56282
56283
56286
56287
56314
56315
56318
56589
56661
56663
56669
56671
56693
56695
56701
56703
56784
56789
56791
56797
56799
56821
56823
56829
56831
56922
56923
56926
56927
56954
56955
56958
56959
57050
57051
57054
57055
57082
57083
57086
57103
57119
57135
57151
57167
57173
57175
57178
57179
57181
57182
57183
57199
57205
57207
57210
57211
57213
57214
57215
57231
57247
57263
57279
57295
57301
57303
57306
57307
57309
57310
57311
57327
57333
57335
57338
57341
57343
57344
57360
57376
57408
57424
57425
57428
57456
57472
57504
57505
57506
57508
57509
57512
57514
57520
57521
57522
57524
57525
57528
57530
57552
57568
57569
57570
57572
57573
57576
57578
57579
57582
57584
57585
57586
57588
57589
57592
57594
57665
57680
57681
57685
57713
57760
57761
57764
57765
57776
57777
57780
57781
57809
57824
57825
57828
57829
57834
57840
57841
57844
57890
57970
57986
58016
58018
58024
58026
58032
58034
58040
58042
58066
58080
58082
58088
58090
58096
58098
58104
58436
58448
58452
58453
58484
58528
58529
58532
58533
58544
58545
58548
58549
58580
58592
58593
58596
58597
58602
58608
58609
58612
58629
58645
58661
58677
58693
58705
58708
58709
58725
58757
58773
58784
58785
58788
58789
58791
58797
58799
58800
58801
58804
58805
58807
58813
58815
58821
58848
58849
58852
58853
58855
58861
58863
58864
58869
58871
58877
58879
59301
59303
59309
59311
59317
59319
59325
59327
59365
59367
59373
59375
59381
59383
59389
59432
59512
59528
59552
59554
59560
59562
59568
59570
59576
59578
59608
59616
59618
59624
59626
59632
59634
59640
59914
59930
59946
59962
59978
59994
60010
60042
60058
60064
60066
60072
60074
60075
60078
60079
60080
60082
60088
60090
60091
60094
60095
60106
60128
60129
60130
60132
60136
60138
60139
60142
60143
60144
60154
60155
60158
60159
60171
60330
60331
60334
60335
60346
60347
60350
60351
60384
60394
60395
60398
60399
60410
60411
60414
60415
60837
60839
60845
60847
60853
60855
60861
60863
60901
60903
60909
60911
60917
60919
60925
60942
61098
61099
61102
61103
61114
61115
61118
61119
61152
61162
61163
61166
61167
61178
61179
61182
61183
61199
61215
61231
61247
61263
61279
61295
61311
61327
61343
61349
61351
61354
61355
61357
61358
61359
61365
61367
61370
61371
61373
61374
61375
61391
61407
61413
61415
61418
61419
61421
61422
61423
61429
61434
61435
61438
61439
61440
61441
61442
61444
61445
61448
61450
61455
61456
61457
61460
61472
61474
61480
61488
61504
61505
61508
61520
61521
61522
61524
61525
61528
61530
61536
61552
61553
61554
61556
61557
61560
61562
61568
61570
61576
61584
61600
61601
61602
61604
61605
61608
61610
61616
61617
61618
61620
61621
61624
61626
61632
61648
61649
61650
61652
61653
61656
61658
61664
61665
61666
61668
61669
61672
61674
61680
61681
61682
61683
61684
61685
61686
61687
61688
61689
61690
61691
61692
61693
61694
61695
61696
61697
61700
61712
61713
61717
61745
61760
61761
61765
61776
61777
61780
61781
61793
61808
61809
61812
61841
61856
61857
61860
61861
61872
61873
61876
61889
61904
61905
61908
61920
61921
61924
61936
61937
61938
61939
61940
61941
61942
61943
61944
61945
61946
61947
61948
61949
61950
61951
61952
61954
61960
61984
61986
61994
62002
62032
62034
62040
62042
62050
62064
62066
62072
62080
62082
62090
62098
62112
62114
62120
62122
62128
62130
62136
62146
62160
62162
62168
62176
62178
62184
62192
62193
62194
62195
62196
62197
62198
62199
62200
62201
62202
62203
62204
62205
62206
62207
62448
62449
62450
62451
62452
62453
62454
62455
62456
62457
62458
62459
62460
62461
62462
62463
62464
62465
62468
62480
62484
62485
62516
62528
62532
62533
62544
62545
62548
62549
62564
62576
62577
62580
62612
62624
62625
62628
62629
62640
62641
62644
62660
62672
62673
62676
62688
62689
62692
62704
62705
62706
62707
62708
62709
62710
62711
62712
62713
62714
62715
62716
62717
62718
62719
62720
62725
62730
62737
62740
62741
62757
62785
62788
62789
62800
62801
62804
62805
62807
62813
62815
62832
62837
62839
62845
62847
62853
62880
62881
62884
62885
62887
62893
62895
62896
62901
62903
62909
62911
62928
62933
62935
62941
62943
62944
62949
62951
62957
62959
62960
62961
62962
62963
62964
62965
62966
62967
62968
62969
62970
62971
62972
62973
62974
62975
63216
63217
63218
63219
63220
63221
63222
63223
63224
63225
63226
63227
63228
63229
63230
63231
63317
63319
63325
63327
63349
63351
63357
63359
63397
63399
63405
63407
63413
63415
63421
63445
63447
63453
63455
63461
63463
63469
63472
63473
63474
63475
63476
63477
63478
63479
63480
63481
63482
63483
63484
63485
63486
63487
63488
63490
63496
63520
63528
63530
63544
63568
63570
63576
63578
63592
63600
63602
63608
63616
63624
63626
63640
63648
63650
63656
63658
63664
63666
63672
63688
63696
63698
63704
63712
63714
63720
63728
63729
63730
63731
63732
63733
63734
63735
63736
63737
63738
63739
63740
63741
63742
63743
63984
63985
63986
63987
63988
63989
63990
63991
63992
63993
63994
63995
63996
63997
63998
63999
64000
64005
64010
64026
64034
64040
64042
64074
64080
64082
64088
64090
64091
64094
64095
64112
64122
64123
64126
64127
64130
64136
64138
64160
64162
64168
64170
64171
64174
64175
64176
64186
64187
64190
64191
64208
64218
64219
64222
64223
64224
64234
64235
64238
64239
64240
64241
64242
64243
64244
64245
64246
64247
64248
64249
64250
64251
64252
64253
64254
64255
64346
64347
64350
64351
64378
64379
64382
64426
64427
64430
64431
64442
64443
64446
64447
64474
64475
64478
64490
64491
64494
64495
64496
64497
64498
64499
64500
64501
64502
64503
64504
64505
64506
64507
64508
64509
64510
64511
64752
64753
64754
64755
64756
64757
64758
64759
64760
64761
64762
64763
64764
64765
64766
64767
64853
64855
64861
64863
64885
64887
64893
64895
64933
64935
64941
64943
64949
64951
64957
64981
64983
64989
64991
64997
64999
65005
65008
65009
65010
65011
65012
65013
65014
65015
65016
65017
65018
65019
65020
65021
65022
65023
65114
65115
65118
65119
65146
65147
65150
65194
65195
65198
65199
65210
65211
65214
65215
65242
65243
65246
65258
65259
65262
65263
65264
65265
65266
65267
65268
65269
65270
65271
65272
65273
65274
65275
65276
65277
65278
65279
65280
65295
65311
65327
65343
65359
65365
65367
65370
65371
65373
65374
65375
65391
65397
65399
65402
65405
65407
65423
65439
65445
65447
65450
65451
65453
65454
65455
65461
65466
65467
65470
65471
65487
65493
65495
65498
65501
65503
65509
65514
65515
65518
65519
65520
65521
65522
65523
65524
65525
65526
65527
65528
65529
65530
65531
65532
65533
65534