1
3
5
17
18
20
257
258
260
7
21
26
259
261
262
266
273
276
289
292
321
15
23
27
30
85
90
263
267
270
275
277
282
293
298
305
323
325
330
337
340
353
417
420
771
773
774
780
1285
1290
4369
4370
4372
4420
4626
4628
4632
4680
5140
31
87
91
271
279
283
327
331
341
346
369
372
421
426
433
436
481
775
781
787
789
793
835
837
841
1287
1291
1301
1306
1317
4371
4373
4378
4421
4426
4627
4629
4630
4633
4634
4636
4677
4682
5141
5142
5146
95
287
303
335
497
500
783
1295
1303
1307
1310
1319
1323
1325
1333
1365
1370
1445
1799
1803
1805
4375
4379
4405
4437
4883
4885
4889
5143
5150
5173
5205
5397
5398
5402
5413
5445
5450
5654
5660
6682
6730
127
351
431
501
506
799
847
1311
1327
1335
1341
1367
1371
1397
1402
1447
1451
1461
1807
1815
1819
1821
1822
1831
1837
1927
4383
4431
4439
4443
4639
4687
4887
4891
4893
4915
4947
4949
4953
5011
5151
5207
5214
5399
5403
5406
5415
5421
5429
5447
5451
5461
5462
5466
5477
5541
5546
5655
5661
5662
5686
5718
5724
5782
5914
5962
6683
6686
6714
6731
6746
6762
6826
255
1343
1375
1399
1405
1455
1463
1525
1530
1823
1839
1847
1853
1879
1885
1935
1943
1959
1965
3855
4415
4447
4895
5183
5215
5407
5423
5431
5435
5437
5438
5455
5463
5467
5470
5479
5485
5493
5543
5557
5605
5663
5911
5915
5917
5918
5927
5933
5959
5965
6023
6687
6715
6718
6735
6747
6750
6763
6766
6778
6827
6830
6842
6890
6939
6942
6987
6990
7710
13107
13621
13653
13669
13717
13733
13765
13878
15420
21845
21850
21930
23130
511
1407
1471
1527
1531
1855
1887
1911
1917
1951
1967
1975
1981
2007
3871
4479
4543
4927
4959
5023
5107
5109
5113
5247
5311
5439
5471
5487
5495
5499
5501
5502
5551
5559
5563
5566
5607
5621
5622
5626
5695
5727
5791
5878
5884
5919
5935
5943
5947
5949
5950
5967
5975
5979
5981
5982
5991
5997
6031
6039
6043
6046
6055
6061
6087
6719
6751
6767
6779
6782
6831
6843
6846
6891
6894
6906
6943
6971
6974
6991
7003
7006
7019
7022
7083
7086
7711
7742
7774
7790
7854
13111
13623
13627
13629
13630
13655
13659
13661
13662
13671
13677
13685
13719
13723
13726
13735
13741
13749
13767
13781
13797
13879
13886
15421
21847
21851
21882
21931
22362
23131
1535
1919
1983
2015
2039
2045
3903
3935
4607
5375
5503
5567
5615
5623
5627
5630
5951
5983
5999
6007
6013
6047
6063
6071
6077
6095
6103
6119
6125
6783
6847
6895
6907
6910
6975
7007
7023
7035
7038
7087
7099
7102
7147
7150
7743
7775
7791
7806
7855
7870
7918
7967
7983
8015
13119
13631
13663
13679
13687
13693
13727
13743
13751
13757
13775
13783
13789
13799
13805
13813
13887
14135
14139
14141
14142
14167
14173
14183
14189
14231
14237
14247
14253
14279
14285
15423
15677
15678
15709
15725
15789
21855
21879
21883
21885
21935
21947
21950
22359
22363
22365
22394
22439
22445
22490
23135
23163
23387
23390
2047
3967
5631
6015
6079
6111
6127
6135
6141
6911
7103
7151
7163
7166
7871
7919
7934
7999
8031
8047
8111
13695
13759
13791
13807
14143
14175
14191
14199
14205
14239
14263
14269
14287
14295
14301
14311
14317
15679
15711
15727
15741
15805
15837
15853
21887
21951
22367
22391
22397
22447
22455
22461
22487
22522
23167
23391
23419
23422
23483
23486
23531
4095
8063
8127
8175
16191
16223
16239
16335
22015
22399
22495
22519
22525
23295
23423
23547
23550
24415
24495
30583
30589
30685
31611
31614
31710
32125
8191
16255
16351
22527
23551
24447
24511
30591
30687
31615
31711
32127
16383
24575
30719
31743
32255
32639
32703
32735
32767