1
3
5
17
18
20
257
258
260
7
21
26
259
261
262
266
273
276
289
292
321
15
85
90
263
267
270
277
325
337
340
417
420
771
773
774
780
1285
1290
4369
4372
4420
4626
4632
4680
5140
31
271
1287
1291
1301
1306
1317
4371
4373
5141
5142
95
287
335
497
500
783
1295
1303
1307
1310
1319
1325
1333
1365
1370
1445
1799
1803
1805
4375
4379
4437
4883
4885
4889
5143
5150
5205
5397
5398
5402
5413
5445
5450
5654
5660
6682
6730
1311
1327
1367
1397
1447
1461
1807
1815
1821
1831
1837
1927
4383
5151
5399
5403
5406
5429
5447
5461
5477
5541
6683
6686
6714
6731
6746
6762
6826
255
1375
1455
1525
1530
1823
1839
1879
1885
1935
1959
1965
3855
4447
4895
5215
5407
5455
5463
5467
5470
5493
5557
5605
5663
5911
5915
5917
5918
5959
5965
6687
6735
6747
6750
6778
6842
6890
6939
6942
6987
6990
7710
13107
13621
13653
13669
13717
13733
13765
13878
15420
21845
21850
21930
23130
1887
1911
1967
2007
3871
5471
5621
5919
5967
5975
5981
6751
6906
6943
6991
7003
7006
7083
7711
7774
7854
13685
13749
13781
13797
21847
21851
22362
23131
3903
3935
7967
7983
8015
21855
21879
21885
22359
22365
23135
23163
23387
23390
3967
7999
8031
8047
8111
21887
22367
22391
22397
22487
23167
23391
23419
23422
4095
8063
8127
8175
16191
16223
16239
16335
22015
22399
22495
22519
22525
23295
23423
23547
23550
24415
24495
30583
30589
30685
31611
31614
31710
32125
8191
16255
16351
22527
23551
24447
24511
30591
30687
31615
31711
32127
16383
24575
30719
32255
32639
32703
32735
32767